{
 "cells": [
  {
   "cell_type": "markdown",
   "id": "c7915c60",
   "metadata": {},
   "source": [
    "# Flow\n",
    "\n",
    "## 1. Persiapan Data:\n",
    "\n",
    "### 1.a Buat matriks jarak antara semua pasangan port.\n",
    "### 1.b Tentukan jumlah kendaraan dan kapasitas masing-masing kendaraan.\n",
    "### 1.c Buat matriks pheromone awal.\n"
   ]
  },
  {
   "cell_type": "code",
   "execution_count": null,
   "id": "276cc945",
   "metadata": {},
   "outputs": [],
   "source": []
  },
  {
   "cell_type": "code",
   "execution_count": 18,
   "id": "ba22486f",
   "metadata": {},
   "outputs": [],
   "source": [
    "\n",
    "# Konfigurasi koneksi ke database\n",
    "dbname = \"route_optimization\"\n",
    "user = \"postgres\"\n",
    "password = \"password\"\n",
    "host = \"localhost\"\n",
    "port = 54321\n",
    "\n",
    "\n",
    "db_params = {\n",
    "    'dbname': 'route_optimization',\n",
    "    'user': 'postgres',\n",
    "    'password': 'password',\n",
    "    'host': 'localhost',\n",
    "    'port': '54321',\n",
    "    'options': '-c search_path=route_optimization'\n",
    "}\n"
   ]
  },
  {
   "cell_type": "markdown",
   "id": "743f22a4",
   "metadata": {},
   "source": [
    "# Get Data from database"
   ]
  },
  {
   "cell_type": "code",
   "execution_count": 28,
   "id": "a6642130",
   "metadata": {},
   "outputs": [],
   "source": [
    "import psycopg2\n",
    "import psycopg2.extras as extras\n",
    "# Membuka koneksi\n",
    "#connection = psycopg2.connect(dbname=dbname, user=user, password=password, host=host, port=port)\n",
    "connection = psycopg2.connect(**db_params)\n",
    "# Membuat objek cursor\n",
    "cursor = connection.cursor()\n",
    "\n",
    "# Contoh query SELECT\n",
    "query = \"SELECT origin_code, destination_code, nautical_distance FROM master_nautical_distance_2\"\n",
    "cursor.execute(query)\n",
    "results = cursor.fetchall()\n",
    "\n",
    "# Menampilkan hasil query\n",
    "data_list = []\n",
    "for row in results:\n",
    "    orig_value, dest_value , distance= row\n",
    "    data_list.append((orig_value, dest_value,distance))\n",
    "\n",
    "# Menampilkan daftar hasil query\n",
    "#print(data_list)\n",
    "\n",
    "# Menutup cursor dan koneksi\n",
    "cursor.close()\n",
    "connection.close()"
   ]
  },
  {
   "cell_type": "markdown",
   "id": "5a00aa1b",
   "metadata": {},
   "source": [
    "# membuat matrix jarak"
   ]
  },
  {
   "cell_type": "code",
   "execution_count": 27,
   "id": "0e05af55",
   "metadata": {},
   "outputs": [
    {
     "name": "stdout",
     "output_type": "stream",
     "text": [
      "[0.0, 625.0, 292.0, 1162.0, 507.0, 560.0, 1390.0, 2932.0, 920.0, 1337.0, 325.0, 796.0, 1893.0, 1527.0, 1366.0, 2626.0, 856.0, 1532.0, 2088.0, 1551.0, 1683.0, 1753.0, 1380.0, 766.0, 2786.0, 1462.0, 1730.0, 1468.0, 927.0, 1121.0, 1633.0, 380.0, 1587.0, 2599.0, 2636.0, 1654.0, 811.0, 835.0, 2683.0, 2152.0, 2531.0, 1972.0, 1412.0, 1574.0, 1576.0, 1178.0, 1619.0, 1769.0, 921.0, 608.0, 2484.0, 1147.0, 2863.0, 707.0, 1363.0, 1137.0, 2524.0, 2155.0, 1449.0, 2556.0, 612.0, 110.0, 1813.0, 752.0, 401.0, 1303.0, 1027.0, 1784.0, 1223.0, 1047.0, 1494.0, 2419.0, 730.0, 1792.0, 1958.0, 1065.0, 1659.0, 2988.0, 1744.0, 1496.0, 1340.0, 1284.0, 2303.0, 1875.0, 0.0]\n",
      "[625.0, 0.0, 301.0, 717.0, 153.0, 65.0, 657.0, 2390.0, 556.0, 1003.0, 299.0, 135.0, 587.0, 779.0, 447.0, 2084.0, 535.0, 588.0, 1546.0, 776.0, 599.0, 1081.0, 318.0, 488.0, 2244.0, 714.0, 611.0, 540.0, 604.0, 700.0, 618.0, 1005.0, 839.0, 2114.0, 2094.0, 1654.0, 329.0, 293.0, 2141.0, 1128.0, 2247.0, 946.0, 905.0, 1032.0, 1034.0, 636.0, 1111.0, 728.0, 196.0, 435.0, 2060.0, 668.0, 2439.0, 353.0, 615.0, 595.0, 2220.0, 1851.0, 1790.0, 2332.0, 420.0, 574.0, 989.0, 940.0, 282.0, 555.0, 893.0, 998.0, 366.0, 693.0, 1009.0, 1934.0, 188.0, 1318.0, 1654.0, 411.0, 1238.0, 2564.0, 1320.0, 470.0, 1075.0, 860.0, 1879.0, 1451.0, 0.0]\n",
      "[292.0, 301.0, 0.0, 820.0, 212.0, 236.0, 1098.0, 2603.0, 628.0, 1212.0, 145.0, 278.0, 1341.0, 1513.0, 714.0, 2277.0, 564.0, 1240.0, 1619.0, 404.0, 924.0, 116.0, 1088.0, 499.0, 2437.0, 870.0, 894.0, 1176.0, 643.0, 829.0, 747.0, 672.0, 1573.0, 2350.0, 2287.0, 1619.0, 519.0, 543.0, 2339.0, 1862.0, 2212.0, 1252.0, 1120.0, 1282.0, 1227.0, 886.0, 1327.0, 1451.0, 629.0, 240.0, 2192.0, 979.0, 2451.0, 912.0, 1393.0, 845.0, 2232.0, 1863.0, 1273.0, 2371.0, 446.0, 182.0, 1521.0, 1190.0, 109.0, 1289.0, 734.0, 900.0, 931.0, 1252.0, 939.0, 2186.0, 438.0, 1450.0, 1666.0, 773.0, 1367.0, 2696.0, 1452.0, 1204.0, 948.0, 992.0, 2011.0, 1583.0, 0.0]\n",
      "[1162.0, 717.0, 820.0, 0.0, 2244.0, 713.0, 692.0, 1906.0, 382.0, 774.0, 2062.0, 642.0, 410.0, 1332.0, 404.0, 1600.0, 306.0, 683.0, 926.0, 118.0, 302.0, 303.0, 525.0, 363.0, 1860.0, 1367.0, 272.0, 883.0, 1069.0, 240.0, 322.0, 1246.0, 1492.0, 1630.0, 1697.0, 1813.0, 869.0, 634.0, 1744.0, 1265.0, 1538.0, 666.0, 583.0, 876.0, 563.0, 323.0, 793.0, 1611.0, 720.0, 617.0, 515.0, 1713.0, 1941.0, 850.0, 1049.0, 282.0, 1722.0, 1353.0, 928.0, 1861.0, 490.0, 1002.0, 1009.0, 784.0, 98.0, 989.0, 1160.0, 98.0, 374.0, 1190.0, 213.0, 1347.0, 529.0, 760.0, 1156.0, 868.0, 958.0, 2066.0, 498.0, 904.0, 146.0, 458.0, 1321.0, 893.0, 0.0]\n",
      "[507.0, 153.0, 212.0, 2244.0, 0.0, 119.0, 949.0, 2505.0, 653.0, 850.0, 182.0, 173.0, 660.0, 1086.0, 607.0, 2185.0, 589.0, 1217.0, 1432.0, 1100.0, 2312.0, 1086.0, 471.0, 542.0, 2359.0, 1021.0, 709.0, 1027.0, 451.0, 815.0, 730.0, 1717.0, 1146.0, 2267.0, 2209.0, 670.0, 370.0, 394.0, 2256.0, 1435.0, 2138.0, 1031.0, 1025.0, 1133.0, 2215.0, 829.0, 1418.0, 1364.0, 480.0, 340.0, 2100.0, 515.0, 2479.0, 200.0, 922.0, 788.0, 2260.0, 1891.0, 1078.0, 2399.0, 573.0, 421.0, 1094.0, 1041.0, 170.0, 862.0, 696.0, 854.0, 530.0, 540.0, 919.0, 2280.0, 289.0, 1358.0, 1694.0, 624.0, 1278.0, 2604.0, 1360.0, 777.0, 1115.0, 900.0, 1919.0, 1491.0, 0.0]\n",
      "[560.0, 65.0, 236.0, 713.0, 119.0, 0.0, 727.0, 2386.0, 534.0, 969.0, 234.0, 70.0, 541.0, 834.0, 443.0, 2080.0, 470.0, 525.0, 1542.0, 776.0, 595.0, 1207.0, 517.0, 423.0, 2240.0, 832.0, 590.0, 670.0, 570.0, 696.0, 611.0, 940.0, 957.0, 2110.0, 2090.0, 823.0, 265.0, 289.0, 2137.0, 1246.0, 2162.0, 1064.0, 920.0, 911.0, 1030.0, 632.0, 1130.0, 943.0, 375.0, 370.0, 1955.0, 916.0, 2374.0, 418.0, 733.0, 591.0, 2155.0, 1786.0, 1955.0, 2294.0, 355.0, 449.0, 905.0, 819.0, 217.0, 673.0, 796.0, 890.0, 427.0, 690.0, 1005.0, 1930.0, 184.0, 1253.0, 1589.0, 519.0, 1173.0, 2499.0, 1255.0, 672.0, 1010.0, 795.0, 1814.0, 1386.0, 0.0]\n",
      "[1390.0, 657.0, 1098.0, 692.0, 949.0, 727.0, 0.0, 1725.0, 681.0, 1405.0, 961.0, 790.0, 1527.0, 381.0, 413.0, 1915.0, 622.0, 352.0, 1206.0, 900.0, 1270.0, 1008.0, 210.0, 679.0, 2075.0, 416.0, 1028.0, 142.0, 835.0, 680.0, 598.0, 1770.0, 541.0, 2243.0, 2223.0, 789.0, 326.0, 574.0, 2270.0, 830.0, 2162.0, 648.0, 998.0, 184.0, 1163.0, 369.0, 813.0, 1280.0, 525.0, 1044.0, 2128.0, 1095.0, 2507.0, 615.0, 317.0, 410.0, 2288.0, 1919.0, 739.0, 2427.0, 806.0, 1558.0, 489.0, 92.0, 1267.0, 257.0, 975.0, 1328.0, 496.0, 955.0, 863.0, 2063.0, 469.0, 1386.0, 1722.0, 325.0, 836.0, 2632.0, 1388.0, 172.0, 1190.0, 928.0, 1947.0, 1519.0, 0.0]\n",
      "[2932.0, 2390.0, 2603.0, 1906.0, 2505.0, 2386.0, 1725.0, 0.0, 2013.0, 4709.0, 1959.0, 2297.0, 2236.0, 2598.0, 2083.0, 1288.0, 2091.0, 2271.0, 1172.0, 1788.0, 1933.0, 1509.0, 2097.0, 2148.0, 1448.0, 2533.0, 1967.0, 2261.0, 2679.0, 1885.0, 1943.0, 3135.0, 2658.0, 1318.0, 2007.0, 4524.0, 2283.0, 2367.0, 2110.0, 2991.0, 224.0, 3245.0, 1826.0, 2703.0, 1846.0, 1212.0, 1946.0, 1287.0, 2393.0, 2606.0, 1405.0, 4424.0, 103.0, 4054.0, 2434.0, 1171.0, 1363.0, 1047.0, 3503.0, 1502.0, 2275.0, 2645.0, 2162.0, 2611.0, 2354.0, 2374.0, 4414.0, 835.0, 1920.0, 4394.0, 1705.0, 1163.0, 2202.0, 1193.0, 797.0, 2442.0, 1678.0, 1707.0, 1455.0, 2289.0, 2099.0, 1611.0, 1224.0, 1033.0, 0.0]\n",
      "[920.0, 556.0, 628.0, 382.0, 653.0, 534.0, 681.0, 2013.0, 0.0, 1503.0, 662.0, 400.0, 60.0, 1321.0, 384.0, 1707.0, 64.0, 572.0, 1137.0, 349.0, 80.0, 576.0, 514.0, 165.0, 1867.0, 1256.0, 150.0, 596.0, 1099.0, 324.0, 242.0, 999.0, 1381.0, 1737.0, 1860.0, 1062.0, 627.0, 493.0, 1907.0, 1872.0, 2886.0, 884.0, 617.0, 865.0, 657.0, 312.0, 814.0, 1413.0, 579.0, 440.0, 1659.0, 1450.0, 2098.0, 909.0, 871.0, 271.0, 1879.0, 1510.0, 1255.0, 2018.0, 292.0, 810.0, 1043.0, 773.0, 647.0, 811.0, 1330.0, 452.0, 337.0, 1219.0, 374.0, 1309.0, 762.0, 1170.0, 1566.0, 1097.0, 1101.0, 2430.0, 908.0, 1259.0, 264.0, 1290.0, 1731.0, 1303.0, 0.0]\n",
      "[1337.0, 1003.0, 1212.0, 774.0, 850.0, 969.0, 1405.0, 4709.0, 1503.0, 0.0, 1032.0, 1432.0, 2298.0, 1542.0, 1771.0, 3031.0, 1439.0, 1673.0, 2246.0, 1868.0, 2088.0, 1691.0, 2330.0, 1392.0, 7191.0, 1477.0, 2118.0, 1658.0, 436.0, 1704.0, 1950.0, 2567.0, 1146.0, 3107.0, 3973.0, 395.0, 2401.0, 1240.0, 1246.0, 2117.0, 2743.0, 1543.0, 222.0, 1589.0, 1893.0, 1583.0, 1874.0, 2901.0, 944.0, 1140.0, 698.0, 310.0, 4609.0, 637.0, 1375.0, 2349.0, 2338.0, 2806.0, 1800.0, 3513.0, 1423.0, 1342.0, 1550.0, 1497.0, 1464.0, 1318.0, 310.0, 1548.0, 1628.0, 977.0, 1572.0, 2630.0, 1135.0, 2116.0, 2452.0, 1096.0, 2124.0, 3450.0, 2206.0, 1233.0, 2161.0, 1658.0, 2677.0, 2249.0, 0.0]\n",
      "[325.0, 299.0, 145.0, 2062.0, 182.0, 234.0, 961.0, 1959.0, 662.0, 1032.0, 0.0, 262.0, 775.0, 1268.0, 677.0, 2367.0, 654.0, 1859.0, 168.0, 394.0, 352.0, 1438.0, 751.0, 577.0, 2233.0, 1203.0, 824.0, 420.0, 562.0, 930.0, 845.0, 3973.0, 1328.0, 2397.0, 2324.0, 1329.0, 499.0, 576.0, 865.0, 1615.0, 2449.0, 1308.0, 1108.0, 1145.0, 1317.0, 919.0, 1752.0, 1533.0, 662.0, 391.0, 2282.0, 698.0, 2661.0, 338.0, 1104.0, 878.0, 2442.0, 2073.0, 1526.0, 2581.0, 518.0, 215.0, 1276.0, 1053.0, 150.0, 1044.0, 746.0, 861.0, 619.0, 678.0, 1292.0, 2039.0, 471.0, 1540.0, 1876.0, 806.0, 1460.0, 2786.0, 1542.0, 959.0, 1497.0, 1082.0, 2101.0, 1673.0, 0.0]\n",
      "[796.0, 135.0, 278.0, 642.0, 173.0, 70.0, 790.0, 2297.0, 400.0, 1432.0, 262.0, 0.0, 1079.0, 329.0, 556.0, 1971.0, 336.0, 934.0, 1267.0, 925.0, 753.0, 1155.0, 782.0, 286.0, 2131.0, 864.0, 720.0, 870.0, 697.0, 601.0, 519.0, 1942.0, 989.0, 1953.0, 1981.0, 1247.0, 213.0, 237.0, 2026.0, 1339.0, 1933.0, 1032.0, 832.0, 976.0, 978.0, 580.0, 1021.0, 1189.0, 416.0, 300.0, 1886.0, 729.0, 2145.0, 316.0, 765.0, 539.0, 1926.0, 1557.0, 1290.0, 2065.0, 306.0, 752.0, 1215.0, 884.0, 197.0, 705.0, 1469.0, 1186.0, 357.0, 656.0, 1053.0, 1788.0, 132.0, 1144.0, 1360.0, 467.0, 1061.0, 2390.0, 1146.0, 898.0, 742.0, 686.0, 1705.0, 1277.0, 0.0]\n",
      "[1893.0, 587.0, 1341.0, 410.0, 660.0, 541.0, 1527.0, 2236.0, 60.0, 2298.0, 775.0, 1079.0, 0.0, 1586.0, 1071.0, 1930.0, 85.0, 2201.0, 1129.0, 533.0, 108.0, 549.0, 1085.0, 142.0, 2090.0, 1541.0, 138.0, 1269.0, 1728.0, 351.0, 159.0, 2057.0, 1646.0, 1960.0, 1880.0, 1330.0, 1244.0, 504.0, 1974.0, 1056.0, 2012.0, 748.0, 727.0, 1711.0, 834.0, 883.0, 694.0, 973.0, 1354.0, 461.0, 1785.0, 1927.0, 2224.0, 1557.0, 1442.0, 842.0, 2005.0, 1636.0, 1362.0, 2144.0, 269.0, 1567.0, 1150.0, 1619.0, 682.0, 1382.0, 1763.0, 274.0, 928.0, 1897.0, 366.0, 1474.0, 399.0, 1043.0, 1439.0, 734.0, 974.0, 2303.0, 781.0, 887.0, 137.0, 359.0, 1604.0, 1176.0, 0.0]\n",
      "[1527.0, 779.0, 1513.0, 1332.0, 1086.0, 834.0, 381.0, 2598.0, 1321.0, 1542.0, 1268.0, 329.0, 1586.0, 0.0, 835.0, 2272.0, 1262.0, 749.0, 1747.0, 1217.0, 1329.0, 1419.0, 623.0, 1319.0, 2452.0, 65.0, 1396.0, 559.0, 972.0, 1314.0, 1299.0, 2185.0, 60.0, 2322.0, 2302.0, 1199.0, 716.0, 755.0, 2349.0, 967.0, 2374.0, 1135.0, 665.0, 565.0, 1250.0, 805.0, 950.0, 1472.0, 662.0, 1181.0, 2207.0, 1232.0, 2586.0, 752.0, 164.0, 1050.0, 2367.0, 1998.0, 876.0, 2506.0, 1446.0, 1695.0, 626.0, 473.0, 1404.0, 224.0, 1112.0, 1596.0, 850.0, 1092.0, 1217.0, 2142.0, 650.0, 1465.0, 1801.0, 315.0, 973.0, 2712.0, 1467.0, 309.0, 1469.0, 987.0, 2026.0, 1598.0, 0.0]\n",
      "[1366.0, 447.0, 714.0, 404.0, 607.0, 443.0, 413.0, 2083.0, 384.0, 1771.0, 677.0, 556.0, 1071.0, 835.0, 0.0, 1757.0, 325.0, 188.0, 1060.0, 682.0, 814.0, 627.0, 203.0, 382.0, 1917.0, 770.0, 262.0, 212.0, 779.0, 383.0, 301.0, 1746.0, 895.0, 1787.0, 1767.0, 1232.0, 717.0, 364.0, 1814.0, 1279.0, 1679.0, 719.0, 600.0, 597.0, 707.0, 72.0, 807.0, 957.0, 827.0, 585.0, 1672.0, 1461.0, 2051.0, 981.0, 671.0, 113.0, 1832.0, 1463.0, 892.0, 1971.0, 509.0, 1256.0, 1023.0, 505.0, 753.0, 611.0, 870.0, 484.0, 127.0, 1321.0, 682.0, 1607.0, 259.0, 930.0, 1266.0, 679.0, 847.0, 2176.0, 932.0, 526.0, 934.0, 472.0, 1491.0, 1063.0, 0.0]\n",
      "[2626.0, 2084.0, 2277.0, 1600.0, 2185.0, 2080.0, 1915.0, 1288.0, 1707.0, 3031.0, 2367.0, 1971.0, 1930.0, 2272.0, 1757.0, 0.0, 1785.0, 2090.0, 992.0, 1482.0, 1627.0, 1203.0, 1771.0, 1842.0, 160.0, 2227.0, 1674.0, 1955.0, 2373.0, 1579.0, 1777.0, 2829.0, 2352.0, 45.0, 387.0, 2600.0, 1977.0, 2001.0, 340.0, 3087.0, 1064.0, 2780.0, 1299.0, 2397.0, 1520.0, 1569.0, 1620.0, 643.0, 2087.0, 2180.0, 306.0, 3959.0, 1278.0, 3588.0, 2128.0, 1528.0, 55.0, 318.0, 3038.0, 210.0, 1569.0, 2339.0, 1836.0, 2305.0, 2168.0, 2068.0, 2601.0, 2118.0, 1614.0, 3928.0, 1399.0, 174.0, 1896.0, 887.0, 491.0, 2136.0, 1372.0, 419.0, 1149.0, 1983.0, 1793.0, 1285.0, 663.0, 282.0, 0.0]\n",
      "[856.0, 535.0, 564.0, 306.0, 589.0, 470.0, 622.0, 2091.0, 64.0, 1439.0, 654.0, 336.0, 85.0, 1262.0, 325.0, 1785.0, 0.0, 513.0, 902.0, 362.0, 158.0, 654.0, 455.0, 57.0, 2011.0, 1197.0, 94.0, 537.0, 1040.0, 265.0, 183.0, 940.0, 1322.0, 1815.0, 1801.0, 1259.0, 563.0, 399.0, 1848.0, 1950.0, 1807.0, 962.0, 695.0, 806.0, 735.0, 253.0, 905.0, 1055.0, 485.0, 376.0, 1635.0, 1386.0, 2019.0, 888.0, 812.0, 212.0, 1800.0, 1931.0, 1333.0, 1939.0, 184.0, 746.0, 1121.0, 714.0, 376.0, 722.0, 1266.0, 394.0, 188.0, 1160.0, 452.0, 1557.0, 294.0, 893.0, 1234.0, 629.0, 845.0, 2144.0, 791.0, 667.0, 259.0, 470.0, 1328.0, 1026.0, 0.0]\n",
      "[1532.0, 588.0, 1240.0, 683.0, 1217.0, 525.0, 352.0, 2271.0, 572.0, 1673.0, 1859.0, 934.0, 2201.0, 749.0, 188.0, 2090.0, 513.0, 0.0, 834.0, 733.0, 744.0, 1072.0, 142.0, 570.0, 254.0, 684.0, 551.0, 126.0, 1131.0, 571.0, 489.0, 2316.0, 809.0, 1975.0, 1955.0, 1330.0, 253.0, 907.0, 2002.0, 1158.0, 5047.0, 851.0, 651.0, 536.0, 895.0, 386.0, 995.0, 1076.0, 993.0, 1092.0, 1860.0, 1281.0, 2239.0, 911.0, 585.0, 301.0, 2090.0, 1651.0, 1109.0, 159.0, 697.0, 1996.0, 757.0, 704.0, 1431.0, 525.0, 1507.0, 1969.0, 315.0, 1251.0, 870.0, 1795.0, 802.0, 1118.0, 1454.0, 467.0, 1035.0, 2364.0, 1120.0, 440.0, 1122.0, 660.0, 1679.0, 1251.0, 0.0]\n",
      "[2088.0, 1546.0, 1619.0, 926.0, 1432.0, 1542.0, 1206.0, 1172.0, 1137.0, 2246.0, 168.0, 1267.0, 1129.0, 1747.0, 1060.0, 992.0, 902.0, 834.0, 0.0, 798.0, 930.0, 605.0, 1233.0, 959.0, 856.0, 1682.0, 977.0, 1100.0, 2441.0, 895.0, 849.0, 2252.0, 1807.0, 1022.0, 1008.0, 763.0, 1691.0, 1304.0, 688.0, 975.0, 936.0, 1110.0, 1021.0, 1390.0, 351.0, 837.0, 575.0, 192.0, 1390.0, 1622.0, 546.0, 2591.0, 1142.0, 2231.0, 1133.0, 796.0, 1117.0, 565.0, 931.0, 1008.0, 1086.0, 1763.0, 1139.0, 1298.0, 1440.0, 1371.0, 2271.0, 1567.0, 882.0, 2571.0, 763.0, 721.0, 1199.0, 289.0, 501.0, 1439.0, 774.0, 1420.0, 551.0, 1286.0, 1195.0, 588.0, 384.0, 265.0, 0.0]\n",
      "[1551.0, 776.0, 404.0, 118.0, 1100.0, 776.0, 900.0, 1788.0, 349.0, 1868.0, 394.0, 925.0, 533.0, 1217.0, 682.0, 1482.0, 362.0, 733.0, 798.0, 0.0, 269.0, 285.0, 696.0, 419.0, 1642.0, 1152.0, 276.0, 768.0, 1867.0, 97.0, 155.0, 1874.0, 1257.0, 1512.0, 1432.0, 1531.0, 902.0, 693.0, 1068.0, 856.0, 1564.0, 549.0, 349.0, 1322.0, 445.0, 494.0, 545.0, 774.0, 1012.0, 900.0, 1377.0, 2017.0, 1776.0, 1078.0, 1053.0, 294.0, 2253.0, 1201.0, 807.0, 1696.0, 546.0, 1384.0, 761.0, 1230.0, 959.0, 993.0, 1996.0, 1014.0, 380.0, 1417.0, 63.0, 1229.0, 588.0, 595.0, 991.0, 1061.0, 585.0, 1901.0, 333.0, 908.0, 396.0, 210.0, 1156.0, 728.0, 0.0]\n",
      "[1683.0, 599.0, 924.0, 302.0, 2312.0, 595.0, 1270.0, 1933.0, 80.0, 2088.0, 352.0, 753.0, 108.0, 1329.0, 814.0, 1627.0, 158.0, 744.0, 930.0, 269.0, 0.0, 581.0, 828.0, 215.0, 1847.0, 1284.0, 47.0, 295.0, 1430.0, 108.0, 81.0, 2006.0, 1389.0, 1657.0, 1637.0, 1121.0, 1034.0, 516.0, 1196.0, 977.0, 1709.0, 670.0, 470.0, 1709.0, 577.0, 1454.0, 626.0, 895.0, 1144.0, 725.0, 1542.0, 1026.0, 1921.0, 1256.0, 1185.0, 177.0, 1702.0, 1333.0, 928.0, 1667.0, 342.0, 2142.0, 893.0, 1362.0, 794.0, 1125.0, 1389.0, 474.0, 671.0, 1596.0, 294.0, 1399.0, 411.0, 800.0, 1136.0, 746.0, 717.0, 2046.0, 764.0, 943.0, 120.0, 342.0, 1361.0, 933.0, 0.0]\n",
      "[1753.0, 1081.0, 116.0, 303.0, 1086.0, 1207.0, 1008.0, 1506.0, 576.0, 1691.0, 1438.0, 1155.0, 549.0, 1419.0, 627.0, 1203.0, 654.0, 1072.0, 605.0, 285.0, 581.0, 0.0, 898.0, 711.0, 1363.0, 1354.0, 531.0, 842.0, 1292.0, 376.0, 417.0, 2076.0, 1459.0, 1233.0, 1153.0, 202.0, 1104.0, 998.0, 1142.0, 930.0, 1207.0, 568.0, 423.0, 1524.0, 647.0, 696.0, 747.0, 848.0, 1214.0, 970.0, 1058.0, 2091.0, 1497.0, 1075.0, 1255.0, 688.0, 1410.0, 909.0, 1393.0, 1183.0, 838.0, 1586.0, 692.0, 1432.0, 1211.0, 1195.0, 1383.0, 320.0, 741.0, 1415.0, 202.0, 1053.0, 1023.0, 316.0, 712.0, 1358.0, 801.0, 1622.0, 54.0, 1110.0, 681.0, 412.0, 877.0, 449.0, 0.0]\n",
      "[1380.0, 318.0, 1088.0, 525.0, 471.0, 517.0, 210.0, 2097.0, 514.0, 2330.0, 751.0, 782.0, 1085.0, 623.0, 203.0, 1771.0, 455.0, 142.0, 1233.0, 696.0, 828.0, 898.0, 0.0, 512.0, 1931.0, 558.0, 875.0, 153.0, 1215.0, 513.0, 431.0, 1760.0, 683.0, 1801.0, 1781.0, 2145.0, 296.0, 305.0, 1828.0, 1173.0, 1853.0, 866.0, 2378.0, 394.0, 721.0, 386.0, 853.0, 1091.0, 220.0, 1034.0, 1686.0, 2045.0, 2195.0, 1675.0, 459.0, 243.0, 1846.0, 1477.0, 1124.0, 1985.0, 519.0, 1270.0, 529.0, 310.0, 979.0, 399.0, 2469.0, 1192.0, 329.0, 2015.0, 694.0, 1713.0, 200.0, 944.0, 1280.0, 365.0, 861.0, 2190.0, 946.0, 212.0, 748.0, 486.0, 1505.0, 1077.0, 0.0]\n",
      "[766.0, 488.0, 499.0, 363.0, 542.0, 423.0, 679.0, 2148.0, 165.0, 1392.0, 577.0, 286.0, 142.0, 1319.0, 382.0, 1842.0, 57.0, 570.0, 959.0, 419.0, 215.0, 711.0, 512.0, 0.0, 2338.0, 1108.0, 151.0, 494.0, 941.0, 599.0, 201.0, 907.0, 1233.0, 1872.0, 2128.0, 1086.0, 620.0, 481.0, 1835.0, 1434.0, 2260.0, 1019.0, 755.0, 906.0, 792.0, 310.0, 962.0, 1112.0, 567.0, 257.0, 1712.0, 1025.0, 2472.0, 585.0, 869.0, 269.0, 1913.0, 1544.0, 1098.0, 1965.0, 127.0, 628.0, 1063.0, 909.0, 3337.0, 949.0, 1219.0, 301.0, 355.0, 985.0, 509.0, 1654.0, 376.0, 951.0, 1687.0, 716.0, 1222.0, 2551.0, 1029.0, 864.0, 385.0, 627.0, 2271.0, 1424.0, 0.0]\n",
      "[2786.0, 2244.0, 2437.0, 1860.0, 2359.0, 2240.0, 2075.0, 1448.0, 1867.0, 7191.0, 2233.0, 2131.0, 2090.0, 2452.0, 1917.0, 160.0, 2011.0, 254.0, 856.0, 1642.0, 1847.0, 1363.0, 1931.0, 2338.0, 0.0, 2387.0, 1894.0, 2115.0, 2621.0, 1739.0, 1998.0, 3295.0, 2512.0, 165.0, 227.0, 2766.0, 2039.0, 2161.0, 180.0, 1908.0, 1224.0, 1493.0, 1229.0, 2325.0, 1680.0, 1729.0, 1436.0, 752.0, 2247.0, 2595.0, 212.0, 2149.0, 1436.0, 2169.0, 2288.0, 1688.0, 210.0, 517.0, 1716.0, 50.0, 1579.0, 2122.0, 1671.0, 2321.0, 515.0, 2228.0, 3070.0, 1420.0, 1630.0, 2509.0, 1559.0, 334.0, 2056.0, 1047.0, 651.0, 2143.0, 1532.0, 579.0, 1309.0, 2143.0, 1553.0, 1101.0, 282.0, 887.0, 0.0]\n",
      "[1462.0, 714.0, 870.0, 1367.0, 1021.0, 832.0, 416.0, 2533.0, 1256.0, 1477.0, 1203.0, 864.0, 1541.0, 65.0, 770.0, 2227.0, 1197.0, 684.0, 1682.0, 1152.0, 1284.0, 1354.0, 558.0, 1108.0, 2387.0, 0.0, 1155.0, 494.0, 907.0, 1244.0, 1134.0, 2120.0, 125.0, 2257.0, 2237.0, 1134.0, 651.0, 690.0, 2284.0, 902.0, 2309.0, 720.0, 1070.0, 600.0, 1185.0, 740.0, 1277.0, 1427.0, 697.0, 1116.0, 2142.0, 1167.0, 2521.0, 687.0, 99.0, 985.0, 2302.0, 1933.0, 811.0, 2414.0, 1002.0, 1630.0, 561.0, 508.0, 1339.0, 159.0, 1047.0, 1302.0, 785.0, 1027.0, 1152.0, 2077.0, 585.0, 1400.0, 1736.0, 250.0, 908.0, 2647.0, 1402.0, 244.0, 1404.0, 942.0, 1961.0, 1533.0, 0.0]\n",
      "[1730.0, 611.0, 894.0, 272.0, 709.0, 590.0, 1028.0, 1967.0, 150.0, 2118.0, 824.0, 720.0, 138.0, 1396.0, 262.0, 1674.0, 94.0, 551.0, 977.0, 276.0, 47.0, 531.0, 875.0, 151.0, 1894.0, 1155.0, 0.0, 575.0, 986.0, 155.0, 97.0, 1058.0, 1280.0, 1704.0, 1684.0, 1133.0, 601.0, 528.0, 1731.0, 1196.0, 1756.0, 781.0, 517.0, 887.0, 624.0, 291.0, 724.0, 874.0, 614.0, 408.0, 1589.0, 1248.0, 1968.0, 768.0, 1056.0, 250.0, 1749.0, 1440.0, 1152.0, 1714.0, 278.0, 1043.0, 940.0, 969.0, 470.0, 996.0, 1705.0, 268.0, 336.0, 1108.0, 314.0, 1429.0, 423.0, 847.0, 1183.0, 758.0, 764.0, 2093.0, 609.0, 911.0, 120.0, 389.0, 1408.0, 980.0, 0.0]\n",
      "[1468.0, 540.0, 1176.0, 883.0, 1027.0, 670.0, 142.0, 2261.0, 596.0, 1658.0, 420.0, 870.0, 1269.0, 559.0, 212.0, 1955.0, 537.0, 126.0, 1100.0, 768.0, 295.0, 842.0, 153.0, 494.0, 2115.0, 494.0, 575.0, 0.0, 1196.0, 595.0, 513.0, 2126.0, 619.0, 1985.0, 1965.0, 1446.0, 657.0, 457.0, 2012.0, 1182.0, 2057.0, 876.0, 676.0, 326.0, 905.0, 386.0, 1005.0, 1032.0, 1023.0, 1466.0, 1870.0, 1346.0, 2249.0, 976.0, 395.0, 325.0, 2218.0, 1661.0, 1133.0, 1995.0, 721.0, 1210.0, 567.0, 234.0, 1557.0, 335.0, 1336.0, 1762.0, 513.0, 1316.0, 757.0, 1616.0, 352.0, 1128.0, 1464.0, 403.0, 914.0, 2374.0, 1130.0, 250.0, 1132.0, 670.0, 1689.0, 1261.0, 0.0]\n",
      "[927.0, 604.0, 643.0, 1069.0, 451.0, 570.0, 835.0, 2679.0, 1099.0, 436.0, 562.0, 697.0, 1728.0, 972.0, 779.0, 2373.0, 1040.0, 1131.0, 2441.0, 1867.0, 1430.0, 1292.0, 1215.0, 941.0, 2621.0, 907.0, 986.0, 1196.0, 0.0, 1077.0, 1653.0, 2181.0, 1374.0, 2403.0, 3538.0, 145.0, 1966.0, 670.0, 2430.0, 1713.0, 2344.0, 1144.0, 1206.0, 1019.0, 1323.0, 1930.0, 1423.0, 1573.0, 726.0, 741.0, 3567.0, 150.0, 4174.0, 220.0, 808.0, 1889.0, 2903.0, 2371.0, 1168.0, 3078.0, 885.0, 703.0, 980.0, 927.0, 1190.0, 748.0, 140.0, 1149.0, 1058.0, 120.0, 1173.0, 2398.0, 565.0, 1546.0, 1882.0, 526.0, 1554.0, 2880.0, 1636.0, 663.0, 1591.0, 1088.0, 2107.0, 1679.0, 0.0]\n",
      "[1121.0, 700.0, 829.0, 240.0, 815.0, 696.0, 680.0, 1885.0, 324.0, 1704.0, 930.0, 601.0, 351.0, 1314.0, 383.0, 1579.0, 265.0, 571.0, 895.0, 97.0, 108.0, 376.0, 513.0, 599.0, 1739.0, 1244.0, 155.0, 595.0, 1077.0, 0.0, 82.0, 1306.0, 1369.0, 1609.0, 1529.0, 1222.0, 621.0, 617.0, 1576.0, 1114.0, 1661.0, 699.0, 435.0, 907.0, 542.0, 311.0, 642.0, 792.0, 703.0, 856.0, 1434.0, 1885.0, 1873.0, 1515.0, 1145.0, 270.0, 1654.0, 1298.0, 904.0, 1559.0, 449.0, 1387.0, 858.0, 1133.0, 862.0, 1085.0, 1623.0, 1090.0, 283.0, 1855.0, 1800.0, 1326.0, 512.0, 692.0, 1088.0, 847.0, 682.0, 1998.0, 430.0, 1005.0, 299.0, 307.0, 1253.0, 825.0, 0.0]\n",
      "[1633.0, 618.0, 747.0, 322.0, 730.0, 611.0, 598.0, 1943.0, 242.0, 1950.0, 845.0, 519.0, 159.0, 1299.0, 301.0, 1777.0, 183.0, 489.0, 849.0, 155.0, 81.0, 417.0, 431.0, 201.0, 1998.0, 1134.0, 97.0, 513.0, 1653.0, 82.0, 0.0, 3536.0, 1199.0, 1607.0, 1587.0, 1903.0, 539.0, 535.0, 1674.0, 931.0, 1659.0, 624.0, 360.0, 825.0, 527.0, 229.0, 627.0, 777.0, 621.0, 458.0, 1140.0, 1803.0, 1871.0, 1433.0, 975.0, 188.0, 1652.0, 1380.0, 986.0, 1617.0, 367.0, 1205.0, 940.0, 1051.0, 780.0, 915.0, 1793.0, 266.0, 254.0, 1773.0, 162.0, 1342.0, 430.0, 750.0, 1086.0, 765.0, 667.0, 1996.0, 512.0, 830.0, 217.0, 292.0, 1131.0, 883.0, 0.0]\n",
      "[380.0, 1005.0, 672.0, 1246.0, 1717.0, 940.0, 1770.0, 3135.0, 999.0, 2567.0, 3973.0, 1942.0, 2057.0, 2185.0, 1746.0, 2829.0, 940.0, 2316.0, 2252.0, 1874.0, 2006.0, 2076.0, 1760.0, 907.0, 3295.0, 2120.0, 1058.0, 2126.0, 2181.0, 1306.0, 3536.0, 0.0, 2245.0, 2859.0, 2959.0, 1294.0, 1191.0, 1215.0, 3006.0, 1981.0, 2609.0, 1649.0, 1474.0, 1954.0, 1899.0, 1558.0, 1999.0, 2149.0, 1301.0, 683.0, 2864.0, 1140.0, 3123.0, 820.0, 2021.0, 1517.0, 2904.0, 2535.0, 1694.0, 2989.0, 712.0, 380.0, 2193.0, 1862.0, 562.0, 1957.0, 3678.0, 1266.0, 1603.0, 1160.0, 1874.0, 2679.0, 1110.0, 2122.0, 2338.0, 1445.0, 2039.0, 3368.0, 2124.0, 1876.0, 1920.0, 1664.0, 2683.0, 2255.0, 0.0]\n",
      "[1587.0, 839.0, 1573.0, 1492.0, 1146.0, 957.0, 541.0, 2658.0, 1381.0, 1146.0, 1328.0, 989.0, 1646.0, 60.0, 895.0, 2352.0, 1322.0, 809.0, 1807.0, 1257.0, 1389.0, 1459.0, 683.0, 1233.0, 2512.0, 125.0, 1280.0, 619.0, 1374.0, 1369.0, 1199.0, 2245.0, 0.0, 2382.0, 2302.0, 1259.0, 776.0, 815.0, 2409.0, 1027.0, 2434.0, 845.0, 1195.0, 725.0, 1310.0, 865.0, 1402.0, 1811.0, 722.0, 1241.0, 2267.0, 1292.0, 2646.0, 812.0, 224.0, 1110.0, 2427.0, 2058.0, 936.0, 2539.0, 1371.0, 1755.0, 686.0, 633.0, 1464.0, 284.0, 1172.0, 1427.0, 910.0, 1152.0, 1277.0, 2202.0, 710.0, 1525.0, 1861.0, 375.0, 1442.0, 2772.0, 1527.0, 369.0, 1529.0, 1047.0, 2086.0, 1658.0, 0.0]\n",
      "[2599.0, 2114.0, 2350.0, 1630.0, 2267.0, 2110.0, 2243.0, 1318.0, 1737.0, 3107.0, 2397.0, 1953.0, 1960.0, 2322.0, 1787.0, 45.0, 1815.0, 1975.0, 1022.0, 1512.0, 1657.0, 1233.0, 1801.0, 1872.0, 165.0, 2257.0, 1704.0, 1985.0, 2403.0, 1609.0, 1607.0, 2859.0, 2382.0, 0.0, 392.0, 2922.0, 1847.0, 2031.0, 345.0, 1950.0, 1094.0, 1643.0, 1443.0, 2427.0, 1250.0, 1599.0, 1650.0, 1001.0, 2117.0, 2212.0, 487.0, 2822.0, 2065.0, 2452.0, 2158.0, 1668.0, 45.0, 741.0, 1901.0, 215.0, 1955.0, 2617.0, 1745.0, 2335.0, 2240.0, 2098.0, 1616.0, 1579.0, 1644.0, 2792.0, 1380.0, 242.0, 1926.0, 917.0, 521.0, 2166.0, 1402.0, 389.0, 1179.0, 2013.0, 1823.0, 1315.0, 327.0, 757.0, 0.0]\n",
      "[2636.0, 2094.0, 2287.0, 1697.0, 2209.0, 2090.0, 2223.0, 2007.0, 1860.0, 3973.0, 2324.0, 1981.0, 1880.0, 2302.0, 1767.0, 387.0, 1801.0, 1955.0, 1008.0, 1432.0, 1637.0, 1153.0, 1781.0, 2128.0, 227.0, 2237.0, 1684.0, 1965.0, 3538.0, 1529.0, 1587.0, 2959.0, 2302.0, 392.0, 0.0, 3788.0, 1987.0, 2011.0, 47.0, 2616.0, 1276.0, 2508.0, 1942.0, 2175.0, 1170.0, 1579.0, 1630.0, 746.0, 2097.0, 2385.0, 95.0, 3688.0, 1688.0, 3318.0, 2138.0, 1538.0, 437.0, 506.0, 2767.0, 177.0, 1573.0, 2469.0, 1665.0, 2315.0, 2178.0, 2078.0, 3678.0, 302.0, 1624.0, 3658.0, 1349.0, 540.0, 1906.0, 837.0, 703.0, 2146.0, 1319.0, 806.0, 1099.0, 1993.0, 1743.0, 1295.0, 276.0, 743.0, 0.0]\n",
      "[1654.0, 1654.0, 1619.0, 1813.0, 670.0, 823.0, 789.0, 4524.0, 1062.0, 395.0, 1329.0, 1247.0, 1330.0, 1199.0, 1232.0, 2600.0, 1259.0, 1330.0, 763.0, 1531.0, 1121.0, 202.0, 2145.0, 1086.0, 2766.0, 1134.0, 1133.0, 1446.0, 145.0, 1222.0, 1903.0, 1294.0, 1259.0, 2922.0, 3788.0, 0.0, 2216.0, 815.0, 2657.0, 1951.0, 3662.0, 1644.0, 1444.0, 1246.0, 1842.0, 2180.0, 1656.0, 1806.0, 1053.0, 1499.0, 3817.0, 100.0, 4424.0, 390.0, 1035.0, 1117.0, 3153.0, 2621.0, 1902.0, 3328.0, 1030.0, 842.0, 1223.0, 1170.0, 1440.0, 975.0, 146.0, 174.0, 892.0, 127.0, 2106.0, 2466.0, 710.0, 1773.0, 2109.0, 753.0, 1699.0, 3025.0, 1781.0, 890.0, 1315.0, 1321.0, 2334.0, 1906.0, 0.0]\n",
      "[811.0, 329.0, 519.0, 869.0, 370.0, 265.0, 326.0, 2283.0, 627.0, 2401.0, 499.0, 213.0, 1244.0, 716.0, 717.0, 1977.0, 563.0, 253.0, 1691.0, 902.0, 1034.0, 1104.0, 296.0, 620.0, 2039.0, 651.0, 601.0, 657.0, 1966.0, 620.0, 539.0, 1191.0, 776.0, 1847.0, 1987.0, 2216.0, 0.0, 186.0, 2034.0, 1244.0, 2079.0, 937.0, 737.0, 763.0, 927.0, 529.0, 1027.0, 1177.0, 110.0, 298.0, 1892.0, 2116.0, 2271.0, 298.0, 591.0, 351.0, 2052.0, 1683.0, 1196.0, 2017.0, 401.0, 701.0, 724.0, 671.0, 410.0, 488.0, 613.0, 1224.0, 574.0, 638.0, 902.0, 1882.0, 81.0, 1150.0, 1486.0, 254.0, 1070.0, 2396.0, 1152.0, 407.0, 1107.0, 692.0, 1711.0, 1283.0, 0.0]\n",
      "[835.0, 293.0, 543.0, 634.0, 394.0, 289.0, 574.0, 2367.0, 493.0, 1240.0, 576.0, 237.0, 504.0, 755.0, 364.0, 2001.0, 399.0, 907.0, 1304.0, 693.0, 516.0, 998.0, 305.0, 481.0, 2161.0, 690.0, 528.0, 457.0, 670.0, 617.0, 535.0, 1215.0, 815.0, 2031.0, 2011.0, 815.0, 186.0, 0.0, 2394.0, 1523.0, 2083.0, 1108.0, 844.0, 949.0, 951.0, 553.0, 1051.0, 1201.0, 296.0, 489.0, 1916.0, 930.0, 2295.0, 450.0, 738.0, 512.0, 2076.0, 1707.0, 1160.0, 2188.0, 425.0, 725.0, 910.0, 857.0, 434.0, 678.0, 810.0, 915.0, 287.0, 796.0, 916.0, 1851.0, 105.0, 1174.0, 1510.0, 440.0, 1094.0, 2420.0, 1176.0, 593.0, 1131.0, 716.0, 1735.0, 1307.0, 0.0]\n",
      "[2683.0, 2141.0, 2339.0, 1744.0, 2256.0, 2137.0, 2270.0, 210.0, 1907.0, 1246.0, 865.0, 2026.0, 1974.0, 2349.0, 1814.0, 340.0, 1848.0, 2002.0, 688.0, 1068.0, 1196.0, 1142.0, 1828.0, 1835.0, 180.0, 2284.0, 1731.0, 2012.0, 2430.0, 1576.0, 1674.0, 3006.0, 2409.0, 345.0, 47.0, 2657.0, 2034.0, 2394.0, 0.0, 1626.0, 1323.0, 1534.0, 1270.0, 2254.0, 1217.0, 1426.0, 1277.0, 793.0, 1944.0, 2137.0, 142.0, 2490.0, 1535.0, 2010.0, 1985.0, 1585.0, 390.0, 553.0, 1905.0, 130.0, 1620.0, 2316.0, 1693.0, 2162.0, 2025.0, 1925.0, 3218.0, 1366.0, 1471.0, 2350.0, 1396.0, 583.0, 1953.0, 884.0, 750.0, 2193.0, 1366.0, 759.0, 1146.0, 2040.0, 1790.0, 1342.0, 323.0, 790.0, 0.0]\n",
      "[2152.0, 1128.0, 1862.0, 1265.0, 1435.0, 1246.0, 830.0, 2991.0, 1872.0, 2117.0, 1615.0, 1339.0, 1056.0, 967.0, 1279.0, 3087.0, 1950.0, 1158.0, 975.0, 856.0, 977.0, 930.0, 1173.0, 1434.0, 1908.0, 902.0, 1196.0, 1182.0, 1713.0, 1114.0, 931.0, 1981.0, 1027.0, 1950.0, 2616.0, 1951.0, 1244.0, 1523.0, 1626.0, 0.0, 2690.0, 323.0, 532.0, 1014.0, 870.0, 919.0, 400.0, 907.0, 1011.0, 1431.0, 2845.0, 1851.0, 3452.0, 1101.0, 803.0, 876.0, 2181.0, 1649.0, 91.0, 2356.0, 1561.0, 1815.0, 274.0, 922.0, 1522.0, 743.0, 1819.0, 1224.0, 1136.0, 1441.0, 845.0, 1760.0, 1146.0, 917.0, 1313.0, 952.0, 432.0, 2511.0, 1181.0, 658.0, 1269.0, 807.0, 1478.0, 1050.0, 0.0]\n",
      "[2531.0, 2247.0, 2212.0, 1538.0, 2138.0, 2162.0, 2162.0, 224.0, 2886.0, 2743.0, 2449.0, 1933.0, 2012.0, 2374.0, 1679.0, 1064.0, 1807.0, 5047.0, 936.0, 1564.0, 1709.0, 1207.0, 1853.0, 2260.0, 1224.0, 2309.0, 1756.0, 2057.0, 2344.0, 1661.0, 1659.0, 2609.0, 2434.0, 1094.0, 1276.0, 3662.0, 2079.0, 2083.0, 1323.0, 2690.0, 0.0, 1443.0, 1594.0, 2499.0, 1302.0, 1651.0, 1702.0, 1063.0, 2189.0, 2044.0, 1181.0, 3562.0, 212.0, 2127.0, 2210.0, 1610.0, 1139.0, 770.0, 1699.0, 1274.0, 2847.0, 2421.0, 1938.0, 2407.0, 2270.0, 2150.0, 2439.0, 1447.0, 1716.0, 2467.0, 1349.0, 929.0, 1978.0, 969.0, 573.0, 2218.0, 1454.0, 1483.0, 1231.0, 2065.0, 1875.0, 1387.0, 1000.0, 809.0, 0.0]\n",
      "[1972.0, 946.0, 1252.0, 666.0, 1031.0, 1064.0, 648.0, 3245.0, 884.0, 1543.0, 1308.0, 1032.0, 748.0, 1135.0, 719.0, 2780.0, 962.0, 851.0, 1110.0, 549.0, 670.0, 568.0, 866.0, 1019.0, 1493.0, 720.0, 781.0, 876.0, 1144.0, 699.0, 624.0, 1649.0, 845.0, 1643.0, 2508.0, 1644.0, 937.0, 1108.0, 1534.0, 323.0, 1443.0, 0.0, 264.0, 832.0, 563.0, 612.0, 170.0, 677.0, 829.0, 1684.0, 2536.0, 1544.0, 3145.0, 927.0, 621.0, 571.0, 1874.0, 1342.0, 292.0, 2049.0, 1146.0, 1528.0, 159.0, 740.0, 1215.0, 561.0, 1235.0, 604.0, 721.0, 1267.0, 508.0, 1277.0, 964.0, 669.0, 1065.0, 629.0, 188.0, 1154.0, 931.0, 476.0, 1575.0, 392.0, 1234.0, 806.0, 0.0]\n",
      "[1412.0, 905.0, 1120.0, 583.0, 1025.0, 920.0, 998.0, 1826.0, 617.0, 222.0, 1108.0, 832.0, 727.0, 665.0, 600.0, 1299.0, 695.0, 651.0, 1021.0, 349.0, 470.0, 423.0, 2378.0, 755.0, 1229.0, 1070.0, 517.0, 676.0, 1206.0, 435.0, 360.0, 1474.0, 1195.0, 1443.0, 1942.0, 1444.0, 737.0, 844.0, 1270.0, 532.0, 1594.0, 264.0, 0.0, 1182.0, 261.0, 412.0, 293.0, 666.0, 930.0, 924.0, 1851.0, 1344.0, 1798.0, 996.0, 971.0, 371.0, 1674.0, 1241.0, 556.0, 1664.0, 882.0, 1228.0, 398.0, 1148.0, 1016.0, 911.0, 1312.0, 797.0, 457.0, 1336.0, 338.0, 1377.0, 739.0, 514.0, 922.0, 979.0, 250.0, 1832.0, 588.0, 826.0, 590.0, 128.0, 1147.0, 719.0, 0.0]\n",
      "[1574.0, 1032.0, 1282.0, 876.0, 1133.0, 911.0, 184.0, 2703.0, 865.0, 1589.0, 1945.0, 976.0, 1711.0, 565.0, 597.0, 2397.0, 806.0, 536.0, 1390.0, 1322.0, 1709.0, 1524.0, 394.0, 906.0, 2325.0, 600.0, 887.0, 326.0, 1019.0, 907.0, 825.0, 1954.0, 725.0, 2427.0, 2175.0, 1246.0, 763.0, 949.0, 2254.0, 1014.0, 2499.0, 832.0, 1182.0, 0.0, 1347.0, 553.0, 1815.0, 1365.0, 709.0, 1228.0, 2000.0, 1279.0, 2691.0, 799.0, 501.0, 637.0, 2426.0, 2103.0, 923.0, 2379.0, 1033.0, 1742.0, 673.0, 92.0, 1451.0, 437.0, 1159.0, 1189.0, 680.0, 1139.0, 1090.0, 2247.0, 844.0, 1570.0, 1906.0, 509.0, 1020.0, 2816.0, 1572.0, 356.0, 574.0, 1112.0, 2131.0, 1703.0, 0.0]\n",
      "[1576.0, 1034.0, 1227.0, 563.0, 2215.0, 1030.0, 1163.0, 1846.0, 657.0, 1893.0, 1317.0, 978.0, 834.0, 1250.0, 707.0, 1520.0, 735.0, 895.0, 351.0, 445.0, 577.0, 647.0, 721.0, 792.0, 1680.0, 1185.0, 624.0, 905.0, 1323.0, 542.0, 527.0, 1899.0, 1310.0, 1250.0, 1170.0, 1842.0, 927.0, 951.0, 1217.0, 870.0, 1302.0, 563.0, 261.0, 1347.0, 0.0, 519.0, 233.0, 294.0, 1037.0, 1230.0, 870.0, 1742.0, 1514.0, 1372.0, 1078.0, 478.0, 1295.0, 926.0, 821.0, 1434.0, 919.0, 1409.0, 786.0, 1255.0, 1118.0, 1018.0, 1917.0, 949.0, 564.0, 1712.0, 445.0, 966.0, 846.0, 333.0, 729.0, 1094.0, 610.0, 1639.0, 595.0, 941.0, 705.0, 235.0, 682.0, 446.0, 0.0]\n",
      "[1178.0, 636.0, 886.0, 323.0, 829.0, 623.0, 369.0, 1212.0, 312.0, 1583.0, 919.0, 580.0, 883.0, 805.0, 72.0, 1569.0, 253.0, 386.0, 837.0, 494.0, 1454.0, 696.0, 386.0, 310.0, 1729.0, 740.0, 291.0, 386.0, 1930.0, 311.0, 229.0, 1558.0, 865.0, 1599.0, 1579.0, 2180.0, 529.0, 553.0, 1426.0, 919.0, 1651.0, 612.0, 412.0, 553.0, 519.0, 0.0, 619.0, 769.0, 639.0, 1080.0, 1484.0, 2080.0, 1863.0, 1710.0, 680.0, 41.0, 1830.0, 1275.0, 870.0, 1783.0, 437.0, 1736.0, 813.0, 461.0, 1171.0, 581.0, 1153.0, 865.0, 127.0, 2056.0, 494.0, 1434.0, 448.0, 742.0, 1078.0, 649.0, 659.0, 1988.0, 744.0, 496.0, 746.0, 284.0, 1303.0, 875.0, 0.0]\n",
      "[1619.0, 1111.0, 1327.0, 793.0, 1418.0, 1130.0, 813.0, 1946.0, 814.0, 1874.0, 1752.0, 1021.0, 694.0, 950.0, 807.0, 1620.0, 905.0, 995.0, 575.0, 545.0, 626.0, 747.0, 853.0, 962.0, 1436.0, 1277.0, 724.0, 1005.0, 1423.0, 642.0, 627.0, 1999.0, 1402.0, 1650.0, 1630.0, 1656.0, 1027.0, 1051.0, 1277.0, 400.0, 1702.0, 170.0, 293.0, 1815.0, 233.0, 619.0, 0.0, 507.0, 1137.0, 1330.0, 1535.0, 1683.0, 1914.0, 1203.0, 786.0, 578.0, 1695.0, 1326.0, 290.0, 1607.0, 1084.0, 1509.0, 290.0, 1355.0, 1218.0, 726.0, 1444.0, 695.0, 664.0, 1543.0, 545.0, 1470.0, 946.0, 793.0, 1129.0, 794.0, 43.0, 2039.0, 795.0, 641.0, 797.0, 335.0, 1354.0, 926.0, 0.0]\n",
      "[1769.0, 728.0, 1451.0, 1611.0, 1364.0, 943.0, 1280.0, 1287.0, 1413.0, 2901.0, 1533.0, 1189.0, 973.0, 1472.0, 957.0, 643.0, 1055.0, 1076.0, 192.0, 774.0, 895.0, 848.0, 1091.0, 1112.0, 752.0, 1427.0, 874.0, 1032.0, 1573.0, 792.0, 777.0, 2149.0, 1811.0, 1001.0, 746.0, 1806.0, 1127.0, 1201.0, 793.0, 907.0, 1063.0, 677.0, 666.0, 1365.0, 294.0, 769.0, 507.0, 0.0, 1287.0, 1281.0, 1310.0, 2281.0, 1267.0, 1911.0, 1587.0, 1769.0, 1232.0, 700.0, 883.0, 1123.0, 1239.0, 1696.0, 1036.0, 1505.0, 1372.0, 1527.0, 2029.0, 1759.0, 814.0, 2201.0, 696.0, 836.0, 1362.0, 293.0, 562.0, 1602.0, 778.0, 1236.0, 555.0, 1442.0, 1199.0, 485.0, 470.0, 326.0, 0.0]\n",
      "[921.0, 196.0, 629.0, 720.0, 480.0, 375.0, 525.0, 2393.0, 579.0, 944.0, 662.0, 416.0, 1354.0, 662.0, 827.0, 2087.0, 485.0, 993.0, 1390.0, 1012.0, 1144.0, 1214.0, 220.0, 567.0, 2247.0, 697.0, 614.0, 1023.0, 726.0, 703.0, 621.0, 1301.0, 722.0, 2117.0, 2097.0, 1053.0, 110.0, 296.0, 1944.0, 1011.0, 2189.0, 829.0, 930.0, 709.0, 1037.0, 639.0, 1137.0, 1287.0, 0.0, 1225.0, 2002.0, 1073.0, 2381.0, 506.0, 537.0, 598.0, 2162.0, 1793.0, 920.0, 2274.0, 511.0, 811.0, 670.0, 617.0, 520.0, 434.0, 896.0, 1001.0, 684.0, 846.0, 1021.0, 1937.0, 191.0, 1260.0, 1596.0, 200.0, 1180.0, 2506.0, 1262.0, 353.0, 1217.0, 802.0, 1821.0, 1393.0, 0.0]\n",
      "[608.0, 435.0, 240.0, 617.0, 340.0, 370.0, 1044.0, 2606.0, 440.0, 1140.0, 391.0, 300.0, 461.0, 1181.0, 585.0, 2180.0, 376.0, 1092.0, 1622.0, 900.0, 725.0, 970.0, 1034.0, 257.0, 2595.0, 1116.0, 408.0, 1466.0, 741.0, 856.0, 458.0, 683.0, 1241.0, 2212.0, 2385.0, 1499.0, 298.0, 489.0, 2137.0, 1431.0, 2044.0, 1684.0, 924.0, 1228.0, 1130.0, 1080.0, 1330.0, 1281.0, 1225.0, 0.0, 2195.0, 1309.0, 2574.0, 624.0, 1056.0, 791.0, 2355.0, 1986.0, 1202.0, 2320.0, 130.0, 671.0, 1189.0, 1136.0, 207.0, 953.0, 832.0, 709.0, 877.0, 964.0, 792.0, 2047.0, 384.0, 1453.0, 1789.0, 719.0, 1373.0, 2699.0, 1455.0, 872.0, 642.0, 795.0, 2014.0, 1586.0, 0.0]\n",
      "[2484.0, 2060.0, 2192.0, 515.0, 2100.0, 1955.0, 2128.0, 1405.0, 1659.0, 698.0, 2282.0, 1886.0, 1785.0, 2207.0, 1672.0, 306.0, 1635.0, 1860.0, 546.0, 1377.0, 1542.0, 1058.0, 1686.0, 1712.0, 212.0, 2142.0, 1589.0, 1870.0, 3567.0, 1434.0, 1140.0, 2864.0, 2267.0, 487.0, 95.0, 3817.0, 1892.0, 1916.0, 142.0, 2845.0, 1181.0, 2536.0, 1851.0, 2000.0, 870.0, 1484.0, 1535.0, 1310.0, 2002.0, 2195.0, 0.0, 3717.0, 1393.0, 3347.0, 2043.0, 1443.0, 336.0, 411.0, 2796.0, 194.0, 1820.0, 2374.0, 1570.0, 2220.0, 2083.0, 1983.0, 3707.0, 1769.0, 1529.0, 3687.0, 1254.0, 120.0, 1811.0, 742.0, 608.0, 2051.0, 1224.0, 901.0, 1009.0, 1898.0, 1648.0, 1200.0, 181.0, 648.0, 0.0]\n",
      "[1147.0, 668.0, 979.0, 1713.0, 515.0, 916.0, 1095.0, 4424.0, 1450.0, 310.0, 698.0, 729.0, 1927.0, 1232.0, 1461.0, 3959.0, 1386.0, 1281.0, 2591.0, 2017.0, 1026.0, 2091.0, 2045.0, 1025.0, 2149.0, 1167.0, 1248.0, 1346.0, 150.0, 1885.0, 1803.0, 1140.0, 1292.0, 2822.0, 3688.0, 100.0, 2116.0, 930.0, 2490.0, 1851.0, 3562.0, 1544.0, 1344.0, 1279.0, 1742.0, 2080.0, 1683.0, 2281.0, 1073.0, 1309.0, 3717.0, 0.0, 4324.0, 360.0, 1068.0, 1222.0, 3053.0, 2521.0, 1802.0, 3228.0, 1109.0, 918.0, 1240.0, 1187.0, 1340.0, 1008.0, 120.0, 1869.0, 1318.0, 700.0, 2006.0, 2366.0, 825.0, 1806.0, 2142.0, 786.0, 1814.0, 3140.0, 1896.0, 923.0, 1851.0, 1348.0, 2367.0, 1939.0, 0.0]\n",
      "[2863.0, 2439.0, 2451.0, 1941.0, 2479.0, 2374.0, 2507.0, 80.0, 2098.0, 4609.0, 2661.0, 2145.0, 2224.0, 2586.0, 2051.0, 1278.0, 2019.0, 2239.0, 1142.0, 1776.0, 1921.0, 1497.0, 2195.0, 2472.0, 1436.0, 2521.0, 1968.0, 2249.0, 4174.0, 1873.0, 1871.0, 3123.0, 2646.0, 2065.0, 1688.0, 4424.0, 2271.0, 2295.0, 1535.0, 3452.0, 212.0, 3145.0, 1798.0, 2691.0, 1514.0, 1863.0, 1914.0, 1267.0, 2381.0, 2574.0, 1393.0, 4324.0, 0.0, 3954.0, 2090.0, 1822.0, 1355.0, 986.0, 3403.0, 1490.0, 2263.0, 2637.0, 2013.0, 2603.0, 2346.0, 2366.0, 4314.0, 1619.0, 1912.0, 4294.0, 1693.0, 1133.0, 2190.0, 1181.0, 785.0, 2430.0, 1666.0, 1695.0, 1443.0, 2277.0, 2087.0, 1579.0, 1212.0, 1021.0, 0.0]\n",
      "[707.0, 353.0, 912.0, 850.0, 200.0, 418.0, 615.0, 4054.0, 909.0, 637.0, 338.0, 316.0, 1557.0, 752.0, 981.0, 3588.0, 888.0, 911.0, 2231.0, 1078.0, 1256.0, 1075.0, 1675.0, 585.0, 2169.0, 687.0, 768.0, 976.0, 220.0, 1515.0, 1433.0, 820.0, 812.0, 2452.0, 3318.0, 390.0, 298.0, 450.0, 2010.0, 1101.0, 2127.0, 927.0, 996.0, 799.0, 1372.0, 1710.0, 1203.0, 1911.0, 506.0, 624.0, 3347.0, 360.0, 3954.0, 0.0, 588.0, 886.0, 2683.0, 2151.0, 951.0, 2603.0, 686.0, 594.0, 760.0, 707.0, 334.0, 528.0, 320.0, 930.0, 838.0, 340.0, 954.0, 2003.0, 345.0, 1326.0, 1662.0, 306.0, 1243.0, 2572.0, 1328.0, 443.0, 1330.0, 868.0, 1887.0, 1459.0, 0.0]\n",
      "[1363.0, 615.0, 1393.0, 1049.0, 922.0, 733.0, 317.0, 2434.0, 871.0, 1375.0, 1104.0, 765.0, 1442.0, 164.0, 671.0, 2128.0, 812.0, 585.0, 1133.0, 1053.0, 1185.0, 1255.0, 459.0, 869.0, 2288.0, 99.0, 1056.0, 395.0, 808.0, 1145.0, 975.0, 2021.0, 224.0, 2158.0, 2138.0, 1035.0, 591.0, 738.0, 1985.0, 803.0, 2210.0, 621.0, 971.0, 501.0, 1078.0, 680.0, 786.0, 1587.0, 537.0, 1056.0, 2043.0, 1068.0, 2090.0, 588.0, 0.0, 600.0, 2203.0, 1834.0, 712.0, 2315.0, 996.0, 1253.0, 462.0, 409.0, 1240.0, 60.0, 948.0, 1203.0, 686.0, 928.0, 1053.0, 1978.0, 633.0, 1301.0, 1637.0, 298.0, 809.0, 2548.0, 1303.0, 145.0, 1305.0, 843.0, 1862.0, 1434.0, 0.0]\n",
      "[1137.0, 595.0, 845.0, 282.0, 788.0, 591.0, 410.0, 1171.0, 271.0, 2349.0, 878.0, 539.0, 842.0, 1050.0, 113.0, 1528.0, 212.0, 301.0, 796.0, 294.0, 177.0, 688.0, 243.0, 269.0, 1688.0, 985.0, 250.0, 325.0, 1889.0, 270.0, 188.0, 1517.0, 1110.0, 1668.0, 1538.0, 1117.0, 351.0, 512.0, 1585.0, 876.0, 1610.0, 571.0, 371.0, 637.0, 478.0, 41.0, 578.0, 1769.0, 598.0, 791.0, 1443.0, 1222.0, 1822.0, 886.0, 600.0, 0.0, 1789.0, 1234.0, 829.0, 1742.0, 396.0, 1685.0, 794.0, 719.0, 640.0, 826.0, 1112.0, 552.0, 86.0, 1226.0, 453.0, 1366.0, 407.0, 701.0, 1037.0, 608.0, 618.0, 1947.0, 703.0, 455.0, 405.0, 243.0, 1262.0, 834.0, 0.0]\n",
      "[2524.0, 2220.0, 2232.0, 1722.0, 2260.0, 2155.0, 2288.0, 1363.0, 1879.0, 2338.0, 2442.0, 1926.0, 2005.0, 2367.0, 1832.0, 55.0, 1800.0, 2090.0, 1117.0, 2253.0, 1702.0, 1410.0, 2846.0, 1913.0, 210.0, 2302.0, 1749.0, 2218.0, 2903.0, 1654.0, 1652.0, 2904.0, 2427.0, 45.0, 437.0, 3153.0, 2052.0, 2076.0, 390.0, 2181.0, 1179.0, 1874.0, 1674.0, 2426.0, 1295.0, 1830.0, 1695.0, 1232.0, 2162.0, 2355.0, 336.0, 3053.0, 1355.0, 2683.0, 2203.0, 1789.0, 0.0, 972.0, 2132.0, 420.0, 2185.0, 2848.0, 1790.0, 2380.0, 2471.0, 2143.0, 3043.0, 696.0, 1875.0, 3023.0, 1612.0, 1106.0, 1971.0, 962.0, 566.0, 2211.0, 1447.0, 344.0, 1224.0, 2058.0, 1868.0, 1360.0, 738.0, 802.0, 0.0]\n",
